0 0 0 0 0 0 0 0 0 0 0 0 0 0 0 0 0 0 0 0 0 0 0 0 0 0 0 0 0 0 0 0 0 0 0 0 0 0 0 0 0 0 0 0 0 0 0 0 0 0 0 0 0 0 0 0 0 0 0 0 1 1 2 2 0 0 2 0 1 0 0 1 0 1 1 0 0 0 1 1 1 1 1 0 2 0 0 0 0 2 1 2 0 0 1 1 0 0 2 0 1 1 0 1 1 0 1 0 0 1 0 0 1 2 1 0 0 1 1 0 
0 0 0 0 0 0 0 0 0 0 0 0 0 0 0 0 0 0 0 0 0 0 0 0 0 0 0 0 0 0 0 0 0 0 0 0 0 0 0 0 0 0 0 0 0 0 0 0 0 0 0 0 0 0 0 0 0 0 0 0 0 0 1 1 1 1 0 0 1 3 0 0 1 1 1 1 1 2 0 0 1 1 1 0 1 0 0 3 1 2 1 0 1 2 1 1 0 3 0 0 0 0 2 0 1 1 0 0 0 1 2 1 0 1 0 0 1 0 0 2 
0 0 0 0 0 0 0 0 0 0 0 0 0 0 0 0 0 0 0 0 0 0 0 0 0 0 0 0 0 0 0 0 0 0 0 0 0 0 0 0 0 0 0 0 0 0 0 0 0 0 0 0 0 0 0 0 0 0 0 0 2 0 1 0 1 3 0 0 2 1 0 0 1 1 0 1 1 0 2 0 0 1 1 2 1 2 1 0 0 0 0 1 1 0 0 0 1 1 0 0 0 1 2 0 0 0 0 2 0 2 0 1 0 1 1 2 0 0 2 1 
0 0 0 0 0 0 0 0 0 0 0 0 0 0 0 0 0 0 0 0 0 0 0 0 0 0 0 0 0 0 0 0 0 0 0 0 0 0 0 0 0 0 0 0 0 0 0 0 0 0 0 0 0 0 0 0 0 0 0 0 1 0 0 0 2 1 0 0 2 0 1 0 0 0 0 2 1 0 0 0 1 0 1 1 1 2 1 0 3 1 0 1 0 0 1 3 1 1 0 0 1 1 2 0 0 1 0 2 1 2 1 1 0 0 0 0 0 1 0 1 
0 0 0 0 0 0 0 0 0 0 0 0 0 0 0 0 0 0 0 0 0 0 0 0 0 0 0 0 0 0 0 0 0 0 0 0 0 0 0 0 0 0 0 0 0 0 0 0 0 0 0 0 0 0 0 0 0 0 0 0 0 0 0 0 2 0 0 1 1 0 2 0 2 1 0 1 0 0 0 1 0 1 2 0 1 3 1 2 1 2 0 2 0 3 1 0 2 1 1 1 2 2 0 1 1 0 0 1 2 0 1 0 0 0 0 0 0 1 1 1 
0 0 0 0 0 0 0 0 0 0 0 0 0 0 0 0 0 0 0 0 0 0 0 0 0 0 0 0 0 0 0 0 0 0 0 0 0 0 0 0 0 0 0 0 0 0 0 0 0 0 0 0 0 0 0 0 0 0 0 0 1 1 0 0 0 2 1 0 0 0 2 1 1 0 1 1 0 1 0 0 0 0 1 0 1 1 0 0 1 0 0 0 1 0 3 1 0 0 1 2 2 0 0 0 1 1 2 1 1 2 0 1 0 1 0 0 2 0 0 1 
0 0 0 0 0 0 0 0 0 0 0 0 0 0 0 0 0 0 0 0 0 0 0 0 0 0 0 0 0 0 0 0 0 0 0 0 0 0 0 0 0 0 0 0 0 0 0 0 0 0 0 0 0 0 0 0 0 0 0 0 2 0 0 2 1 0 1 1 1 0 1 0 1 0 1 0 0 1 1 0 1 0 1 0 0 1 0 4 0 2 1 1 0 0 1 0 0 0 2 0 0 0 0 0 0 1 1 3 0 1 2 0 4 0 1 1 0 1 0 2 
0 0 0 0 0 0 0 0 0 0 0 0 0 0 0 0 0 0 0 0 0 0 0 0 0 0 0 0 0 0 0 0 0 0 0 0 0 0 0 0 0 0 0 0 0 0 0 0 0 0 0 0 0 0 0 0 0 0 0 0 1 1 2 0 0 0 1 0 0 1 0 0 2 0 1 1 1 2 0 2 0 1 2 0 0 0 1 0 0 1 1 1 4 0 0 0 0 1 1 1 0 0 1 0 2 0 2 1 1 2 0 0 2 3 1 1 0 0 2 1 
0 0 0 0 0 0 0 0 0 0 0 0 0 0 0 0 0 0 0 0 0 0 0 0 0 0 0 0 0 0 0 0 0 0 0 0 0 0 0 0 0 0 0 0 0 0 0 0 0 0 0 0 0 0 0 0 0 0 0 0 0 0 2 0 0 1 0 1 0 0 1 1 0 1 0 1 1 1 2 2 1 2 0 0 0 1 2 1 1 0 0 0 0 0 0 0 1 0 0 1 1 1 1 1 1 4 1 2 0 1 1 1 0 1 1 0 1 0 0 0 
0 0 0 0 0 0 0 0 0 0 0 0 0 0 0 0 0 0 0 0 0 0 0 0 0 0 0 0 0 0 0 0 0 0 0 0 0 0 0 0 0 0 0 0 0 0 0 0 0 0 0 0 0 0 0 0 0 0 0 0 1 1 1 0 0 2 0 2 2 0 0 0 0 4 0 0 1 2 1 0 1 0 1 2 0 0 0 1 2 1 1 1 1 1 1 0 2 0 0 0 0 0 1 1 0 2 2 0 1 0 0 0 2 1 0 0 2 0 0 0 
0 0 0 0 0 0 0 0 0 0 0 0 0 0 0 0 0 0 0 0 0 0 0 0 0 0 0 0 0 0 0 0 0 0 0 0 0 0 0 0 0 0 0 0 0 0 0 0 0 0 0 0 0 0 0 0 0 0 0 0 0 0 0 0 1 0 2 0 0 0 0 0 1 0 1 0 0 1 0 0 0 0 1 0 0 1 1 0 0 1 2 1 1 4 1 0 1 1 2 0 1 1 0 0 1 0 1 0 0 1 1 0 0 0 0 1 0 0 1 1 
0 0 0 0 0 0 0 0 0 0 0 0 0 0 0 0 0 0 0 0 0 0 0 0 0 0 0 0 0 0 0 0 0 0 0 0 0 0 0 0 0 0 0 0 0 0 0 0 0 0 0 0 0 0 0 0 0 0 0 0 0 1 1 1 0 0 0 0 3 1 1 1 0 1 0 0 2 1 1 0 0 0 0 2 1 1 1 1 3 0 0 1 3 1 2 0 0 1 1 2 0 0 0 0 1 2 1 1 1 0 0 1 1 1 0 1 2 4 0 1 
0 0 0 0 0 0 0 0 0 0 0 0 0 0 0 0 0 0 0 0 0 0 0 0 0 0 0 0 0 0 0 0 0 0 0 0 0 0 0 0 0 0 0 0 0 0 0 0 0 0 0 0 0 0 0 0 0 0 0 0 1 0 2 3 0 0 0 1 0 1 0 2 1 0 1 0 0 0 1 0 0 1 2 0 0 0 0 1 0 0 0 0 0 0 1 0 2 1 0 0 2 1 2 1 1 2 0 0 1 1 0 0 1 1 1 0 0 0 0 0 
0 0 0 0 0 0 0 0 0 0 0 0 0 0 0 0 0 0 0 0 0 0 0 0 0 0 0 0 0 0 0 0 0 0 0 0 0 0 0 0 0 0 0 0 0 0 0 0 0 0 0 0 0 0 0 0 0 0 0 0 0 1 2 0 0 0 1 1 1 0 0 0 1 0 0 3 0 0 2 0 0 0 0 0 1 0 0 0 2 0 1 1 1 0 1 0 0 0 1 1 0 0 0 0 1 2 1 1 0 3 0 1 1 0 0 0 0 2 2 1 
0 0 0 0 0 0 0 0 0 0 0 0 0 0 0 0 0 0 0 0 0 0 0 0 0 0 0 0 0 0 0 0 0 0 0 0 0 0 0 0 0 0 0 0 0 0 0 0 0 0 0 0 0 0 0 0 0 0 0 0 1 1 0 3 1 1 1 0 2 0 0 0 0 1 0 0 0 1 0 0 1 2 1 4 1 0 0 2 0 0 2 0 0 0 2 0 3 1 0 1 2 1 1 0 0 2 1 3 1 1 0 2 2 0 1 0 0 0 0 1 
0 0 0 0 0 0 0 0 0 0 0 0 0 0 0 0 0 0 0 0 0 0 0 0 0 0 0 0 0 0 0 0 0 0 0 0 0 0 0 0 0 0 0 0 0 0 0 0 0 0 0 0 0 0 0 0 0 0 0 0 0 0 0 2 1 2 4 1 1 1 1 0 1 0 0 0 0 1 0 1 0 1 0 0 1 1 1 2 0 1 0 0 0 1 0 1 0 0 0 0 0 1 0 1 1 0 2 0 1 0 0 1 1 1 0 1 0 2 1 0 
0 0 0 0 0 0 0 0 0 0 0 0 0 0 0 0 0 0 0 0 0 0 0 0 0 0 0 0 0 0 0 0 0 0 0 0 0 0 0 0 0 0 0 0 0 0 0 0 0 0 0 0 0 0 0 0 0 0 0 0 0 1 1 1 0 1 0 0 1 0 3 1 1 0 1 1 1 1 1 0 0 1 1 1 1 0 0 2 1 0 0 0 0 0 0 0 1 1 0 0 0 0 0 0 1 2 1 0 0 0 0 0 1 0 0 2 0 1 1 1 
0 0 0 0 0 0 0 0 0 0 0 0 0 0 0 0 0 0 0 0 0 0 0 0 0 0 0 0 0 0 0 0 0 0 0 0 0 0 0 0 0 0 0 0 0 0 0 0 0 0 0 0 0 0 0 0 0 0 0 0 0 0 0 1 0 0 0 1 1 0 1 0 0 2 1 2 0 1 0 0 0 0 1 0 1 1 1 2 0 2 0 1 3 1 1 1 1 2 1 0 0 0 0 2 2 1 0 0 0 0 0 0 0 2 0 1 0 1 3 1 
0 0 0 0 0 0 0 0 0 0 0 0 0 0 0 0 0 0 0 0 0 0 0 0 0 0 0 0 0 0 0 0 0 0 0 0 0 0 0 0 0 0 0 0 0 0 0 0 0 0 0 0 0 0 0 0 0 0 0 0 1 0 0 0 2 2 0 2 0 1 0 2 1 0 0 0 1 0 1 0 1 1 2 2 0 1 2 2 2 0 1 0 0 0 1 2 1 0 0 0 0 2 3 0 1 0 0 1 2 2 0 2 2 1 1 1 0 4 1 1 
0 0 0 0 0 0 0 0 0 0 0 0 0 0 0 0 0 0 0 0 0 0 0 0 0 0 0 0 0 0 0 0 0 0 0 0 0 0 0 0 0 0 0 0 0 0 0 0 0 0 0 0 0 0 0 0 0 0 0 0 2 1 0 0 0 0 1 0 0 2 0 2 0 1 1 1 0 1 1 1 0 0 0 0 1 2 1 1 0 0 1 3 1 0 1 1 1 0 0 0 2 1 0 0 0 0 1 1 0 0 0 0 1 1 0 0 0 2 3 5 
0 0 0 0 0 0 0 0 0 0 0 0 0 0 0 0 0 0 0 0 0 0 0 0 0 0 0 0 0 0 0 0 0 0 0 0 0 0 0 0 0 0 0 3 2 0 0 0 3 0 0 0 0 0 0 0 0 0 0 0 0 1 2 1 0 0 0 1 1 0 1 2 1 2 1 1 0 0 1 0 198 211 219 238 253 325 327 312 337 240 274 232 324 227 324 244 219 273 318 193 1 1 1 0 3 3 1 0 0 1 0 0 2 0 1 0 1 0 1 1 
0 0 0 0 0 0 0 0 0 0 0 0 0 0 0 0 0 0 0 0 0 0 0 0 0 0 0 0 0 0 0 0 0 0 0 0 0 0 0 0 3 0 0 0 3 0 0 3 3 0 0 3 3 0 6 0 0 0 0 0 1 1 0 1 0 1 0 1 1 0 0 0 2 2 2 0 0 2 2 0 169 150 214 155 221 198 211 184 271 174 216 185 262 218 188 217 191 163 64 84 0 2 0 0 3 3 0 0 0 1 1 0 1 0 2 1 2 3 0 1 
0 0 0 0 0 0 0 0 0 0 0 0 0 0 0 0 0 0 0 0 0 0 0 0 0 0 0 0 0 0 0 0 0 0 0 0 0 0 0 0 3 0 3 0 0 0 3 0 0 0 0 3 5 3 0 0 0 3 3 0 1 2 1 0 1 0 1 1 2 0 1 0 0 0 1 5 0 0 0 0 156 116 182 199 203 201 186 197 250 156 163 165 152 146 157 137 184 176 98 78 0 0 2 0 1 0 1 0 0 0 0 0 1 0 0 0 1 1 0 0 
0 0 0 0 0 0 0 0 0 0 0 0 0 0 0 0 0 0 0 0 0 0 0 0 0 0 0 0 0 0 0 0 0 0 0 0 0 0 0 0 3 0 0 0 3 0 3 3 6 0 3 0 0 0 0 0 3 0 0 0 0 1 0 0 0 1 0 1 2 1 0 0 0 1 0 0 1 0 1 2 163 162 195 174 229 220 142 158 234 192 145 235 186 132 148 166 160 145 110 83 0 1 1 0 0 0 0 1 1 0 0 1 0 0 0 0 0 2 0 0 
0 0 0 0 0 0 0 0 0 0 0 0 0 0 0 0 0 0 0 0 0 0 0 0 0 0 0 0 0 0 0 0 0 0 0 0 0 0 0 0 0 3 3 0 0 0 3 0 0 0 0 0 3 0 0 0 0 0 6 0 0 3 0 1 2 1 0 2 0 0 1 1 0 0 0 1 2 1 0 1 196 147 200 181 245 209 220 186 225 208 166 193 136 187 121 172 150 110 91 99 0 1 1 1 1 2 0 1 3 3 0 0 0 0 0 1 1 0 0 1 
0 0 0 0 0 0 0 0 0 0 0 0 0 0 0 0 0 0 0 0 0 0 0 0 0 0 0 0 0 0 0 0 0 0 0 0 0 0 0 0 0 0 0 0 0 3 0 0 0 0 0 0 3 3 0 3 0 0 0 0 1 0 1 0 0 0 2 0 1 0 0 2 1 0 0 1 0 2 0 1 195 211 187 166 197 191 236 209 144 213 138 164 197 155 159 119 152 138 76 63 1 2 0 0 1 0 1 1 1 0 1 0 0 0 1 0 0 1 0 0 
0 0 0 0 0 0 0 0 0 0 0 0 0 0 0 0 0 0 0 0 0 0 0 0 0 0 0 0 0 0 0 0 0 0 0 0 0 0 0 0 0 0 3 0 0 0 3 0 0 0 0 0 0 0 6 0 0 0 0 0 1 2 0 3 1 0 0 0 1 0 0 0 0 1 0 2 1 3 1 0 236 193 247 203 263 217 235 160 194 204 143 166 220 183 129 130 157 133 155 98 0 1 0 0 0 1 3 0 0 2 0 1 0 1 1 1 0 2 1 0 
0 0 0 0 0 0 0 0 0 0 0 0 0 0 0 0 0 0 0 0 0 0 0 0 0 0 0 0 0 0 0 0 0 0 0 0 0 0 0 0 3 3 0 3 0 3 0 0 3 0 3 0 6 0 0 0 3 3 0 0 0 0 0 0 0 1 0 0 0 0 0 0 2 0 0 1 2 0 0 1 239 231 242 186 152 231 194 194 176 245 187 183 153 198 159 197 183 140 124 152 0 1 1 1 0 1 1 1 1 1 0 0 0 1 0 0 3 2 1 0 
0 0 0 0 0 0 0 0 0 0 0 0 0 0 0 0 0 0 0 0 0 0 0 0 0 0 0 0 0 0 0 0 0 0 0 0 0 0 0 0 3 0 0 0 0 3 0 0 0 0 0 0 3 3 0 0 0 3 3 0 2 1 0 0 0 0 0 1 0 1 0 0 1 2 0 2 2 0 1 1 235 179 233 248 209 197 237 208 196 243 141 172 159 193 180 194 116 112 116 119 0 0 0 0 2 1 2 0 0 1 1 0 1 0 0 0 0 0 0 2 
0 0 0 0 0 0 0 0 0 0 0 0 0 0 0 0 0 0 0 0 0 0 0 0 0 0 0 0 0 0 0 0 0 0 0 0 0 0 0 0 0 3 3 3 0 5 6 0 0 0 0 0 3 0 0 5 6 0 0 6 1 1 0 0 0 2 0 0 2 0 0 0 0 1 0 1 2 0 0 1 287 273 231 269 255 179 272 231 187 227 175 140 163 174 189 163 146 125 97 118 1 1 1 2 1 0 0 0 1 1 0 2 1 0 0 0 1 0 0 0 
0 0 0 0 0 0 0 0 0 0 0 0 0 0 0 0 0 0 0 0 0 0 0 0 0 0 0 0 0 0 0 0 0 0 0 0 0 0 0 0 3 0 0 0 3 0 0 0 0 6 0 0 0 0 0 0 3 0 0 0 0 0 1 1 0 0 1 1 1 0 1 2 2 2 1 0 0 2 0 0 312 268 304 242 236 224 236 246 184 292 210 214 164 168 151 165 161 154 125 108 0 0 2 0 0 1 0 2 0 1 0 2 1 0 0 0 0 2 2 2 
0 0 0 0 0 0 0 0 0 0 0 0 0 0 0 0 0 0 0 0 0 0 0 0 0 0 0 0 0 0 0 0 0 0 0 0 0 0 0 0 6 0 0 0 0 0 0 0 0 2 0 8 0 0 0 0 0 0 3 0 0 1 2 0 3 1 0 0 1 0 0 1 0 1 2 1 0 0 0 1 324 239 246 322 197 204 202 238 201 227 214 182 213 143 175 185 184 167 122 77 1 1 1 1 0 2 0 2 1 0 0 0 1 1 1 1 0 0 1 1 
0 0 0 0 0 0 0 0 0 0 0 0 0 0 0 0 0 0 0 0 0 0 0 0 0 0 0 0 0 0 0 0 0 0 0 0 0 0 0 0 3 3 6 0 6 0 0 3 0 0 0 0 3 0 0 6 0 0 0 3 1 2 1 0 1 3 0 2 1 1 1 1 2 0 2 1 0 0 2 0 390 220 295 255 245 205 211 225 211 252 180 229 186 158 177 138 138 131 93 113 0 1 0 0 0 0 0 4 0 0 0 2 1 2 0 1 2 1 1 1 
0 0 0 0 0 0 0 0 0 0 0 0 0 0 0 0 0 0 0 0 0 0 0 0 0 0 0 0 0 0 0 0 0 0 0 0 0 0 0 0 0 0 3 0 0 3 3 0 0 0 0 0 3 0 0 3 0 0 0 0 0 1 1 1 1 0 0 0 0 0 0 0 0 1 1 0 0 0 1 0 356 271 276 291 237 225 269 233 261 200 247 179 182 199 166 166 139 178 127 121 2 0 0 0 0 0 1 0 0 0 0 0 0 2 0 2 0 0 1 0 
0 0 0 0 0 0 0 0 0 0 0 0 0 0 0 0 0 0 0 0 0 0 0 0 0 0 0 0 0 0 0 0 0 0 0 0 0 0 0 0 3 0 3 6 3 0 3 0 6 0 3 0 3 6 0 3 3 5 0 0 1 0 1 0 1 1 1 1 0 2 1 1 0 2 1 2 3 0 0 0 342 282 292 299 277 309 278 202 262 234 226 192 246 187 193 126 139 175 159 120 2 1 3 0 0 0 0 1 0 0 2 1 1 1 0 1 1 0 0 1 
0 0 0 0 0 0 0 0 0 0 0 0 0 0 0 0 0 0 0 0 0 0 0 0 0 0 0 0 0 0 0 0 0 0 0 0 0 0 0 0 3 3 3 6 3 8 0 0 2 0 0 0 5 0 0 3 3 3 0 0 3 1 1 0 0 1 1 2 1 0 1 0 1 1 0 0 2 2 2 2 339 285 327 276 263 271 256 214 235 281 234 259 223 167 175 154 159 131 137 107 1 0 0 1 0 0 0 0 1 2 0 1 1 0 2 1 0 0 0 1 
0 0 0 0 0 0 0 0 0 0 0 0 0 0 0 0 0 0 0 0 0 0 0 0 0 0 0 0 0 0 0 0 0 0 0 0 0 0 0 0 3 0 0 0 0 3 0 0 0 0 0 0 3 0 9 0 0 0 6 3 0 0 0 0 0 1 0 3 0 1 0 0 0 1 1 0 0 1 1 1 389 307 304 287 346 288 269 212 256 227 284 169 205 206 220 176 128 173 181 116 0 1 0 1 1 1 0 0 0 3 1 1 0 1 2 1 2 1 0 2 
0 0 0 0 0 0 0 0 0 0 0 0 0 0 0 0 0 0 0 0 0 0 0 0 0 0 0 0 0 0 0 0 0 0 0 0 0 0 0 0 3 6 3 0 0 0 0 0 0 5 0 3 0 0 0 0 0 0 0 2 1 0 2 0 1 0 0 0 2 1 1 1 0 2 1 0 1 1 0 2 364 355 258 254 289 349 261 221 236 252 283 207 179 252 204 158 178 215 145 148 0 1 2 0 0 0 0 1 0 0 1 2 0 0 0 0 1 0 2 0 
0 0 0 0 0 0 0 0 0 0 0 0 0 0 0 0 0 0 0 0 0 0 0 0 0 0 0 0 0 0 0 0 0 0 0 0 0 0 0 0 12 0 0 0 3 0 3 3 3 0 0 3 3 3 0 0 0 0 0 0 1 1 1 0 1 0 0 1 1 3 1 0 2 0 1 0 0 2 0 0 473 329 358 369 285 261 265 234 333 287 239 272 186 257 212 222 200 242 199 104 1 1 1 1 1 0 0 2 1 0 0 0 0 0 0 2 0 0 1 2 
0 0 0 0 0 0 0 0 0 0 0 0 0 0 0 0 0 0 0 0 0 0 0 0 0 0 0 0 0 0 0 0 0 0 0 0 0 0 0 0 0 0 6 0 0 0 9 3 2 3 6 3 5 9 3 9 0 0 0 3 3 0 1 2 0 1 0 0 1 0 2 1 1 5 0 0 0 0 1 0 362 436 395 484 398 407 471 439 389 442 420 425 395 423 387 353 369 297 266 213 0 0 0 1 2 0 4 0 1 1 0 2 0 0 0 0 0 0 1 2 
0 0 0 0 0 0 0 0 0 0 0 0 0 0 0 0 0 0 0 0 6 3 0 6 9 0 0 2 2 9 0 3 6 0 3 6 6 3 6 0 0 0 0 0 0 0 0 0 0 0 0 0 0 0 0 0 0 0 0 0 299 364 451 369 586 538 524 522 480 606 560 585 578 632 532 553 482 489 345 230 1 4 0 0 0 0 1 1 2 0 1 0 1 0 0 0 0 1 0 0 2 0 1 0 1 2 0 0 0 0 0 2 0 1 1 0 0 0 0 0 
0 0 0 0 0 0 0 0 0 0 0 0 0 0 0 0 0 0 0 0 0 0 0 0 3 5 6 0 0 9 3 0 0 0 0 0 6 0 0 0 0 0 0 0 0 0 0 0 0 0 0 0 0 0 0 0 0 0 0 0 279 239 389 286 321 351 353 286 328 331 334 378 273 300 334 324 273 278 297 178 0 0 0 0 0 0 0 1 0 0 0 0 0 2 1 0 0 0 0 1 2 1 1 1 1 1 0 0 0 2 0 0 0 1 1 0 1 2 0 0 
0 0 0 0 0 0 0 0 0 0 0 0 0 0 0 0 0 0 0 0 0 0 0 5 0 3 0 6 3 3 0 0 3 0 6 0 0 3 2 3 0 0 0 0 0 0 0 0 0 0 0 0 0 0 0 0 0 0 0 0 414 287 252 267 269 304 305 261 275 270 280 329 300 355 308 272 270 241 234 189 1 1 2 0 0 2 0 0 2 0 0 1 3 1 2 0 0 0 0 0 1 1 0 2 1 3 2 0 0 0 0 1 0 0 2 3 0 1 1 0 
0 0 0 0 0 0 0 0 0 0 0 0 0 0 0 0 0 0 0 0 0 0 0 3 0 0 0 9 3 0 6 0 3 0 0 3 0 0 0 3 0 0 0 0 0 0 0 0 0 0 0 0 0 0 0 0 0 0 0 0 359 333 227 323 305 270 321 300 257 223 251 250 269 337 291 259 352 195 194 220 0 1 0 1 1 4 0 0 0 2 0 2 1 3 0 0 0 2 0 0 2 1 0 0 0 0 1 1 2 1 0 2 0 3 0 0 1 0 0 0 
0 0 0 0 0 0 0 0 0 0 0 0 0 0 0 0 0 0 0 0 0 0 0 0 0 0 0 0 8 3 0 0 0 0 0 0 0 0 0 0 0 0 0 0 0 0 0 0 0 0 0 0 0 0 0 0 0 0 0 0 364 352 236 272 252 235 251 263 248 330 308 256 282 273 235 245 265 196 153 183 2 2 0 0 2 0 1 1 1 2 1 1 0 1 0 0 0 0 0 1 1 0 1 0 0 0 3 0 0 0 0 2 1 1 1 1 0 0 0 2 
0 0 0 0 0 0 0 0 0 0 0 0 0 0 0 0 0 0 0 0 0 0 0 0 0 0 0 0 0 0 0 0 0 0 0 0 0 0 3 0 0 0 0 0 0 0 0 0 0 0 0 0 0 0 0 0 0 0 0 0 300 243 233 272 316 266 326 289 317 252 305 288 267 245 198 272 217 234 204 153 0 1 0 0 2 1 0 1 1 0 1 1 0 0 0 2 2 2 1 0 1 0 1 1 1 0 3 0 1 1 0 1 1 2 0 2 1 0 1 1 
0 0 0 0 0 0 0 0 0 0 0 0 0 0 0 0 0 0 0 0 0 0 3 0 2 0 0 0 0 0 6 0 0 0 3 0 0 3 0 0 0 0 0 0 0 0 0 0 0 0 0 0 0 0 0 0 0 0 0 0 295 245 255 231 251 259 291 229 281 244 265 203 221 250 203 233 215 188 194 179 0 1 2 0 1 1 0 0 1 2 1 0 2 1 0 1 0 3 0 0 2 0 1 0 0 0 2 3 2 0 0 0 0 0 1 2 0 0 0 0 
0 0 0 0 0 0 0 0 0 0 0 0 0 0 0 0 0 0 0 0 0 0 0 0 0 0 0 0 8 0 3 0 0 6 0 0 0 0 0 0 0 0 0 0 0 0 0 0 0 0 0 0 0 0 0 0 0 0 0 0 324 280 248 325 314 208 248 225 259 249 210 243 211 191 239 239 196 187 137 139 0 1 0 1 0 0 1 0 1 1 0 1 0 0 1 1 3 0 1 1 1 1 1 1 1 0 1 0 1 1 0 0 0 0 1 0 1 1 0 0 
0 0 0 0 0 0 0 0 0 0 0 0 0 0 0 0 0 0 0 0 0 3 0 0 0 0 0 0 0 0 3 3 0 0 0 0 3 3 0 0 0 0 0 0 0 0 0 0 0 0 0 0 0 0 0 0 0 0 0 0 350 361 271 272 203 203 237 260 196 192 233 202 185 225 213 199 257 231 149 122 1 2 1 0 1 1 1 0 1 1 0 0 2 2 1 0 0 0 0 1 0 0 1 1 0 0 1 0 1 0 2 1 0 1 1 0 0 1 1 0 
0 0 0 0 0 0 0 0 0 0 0 0 0 0 0 0 0 0 0 0 0 0 6 3 0 0 3 6 3 5 0 0 0 3 0 0 3 2 0 0 0 0 0 0 0 0 0 0 0 0 0 0 0 0 0 0 0 0 0 0 323 322 249 313 228 281 235 265 265 213 235 149 182 252 266 187 233 209 164 148 0 0 1 2 2 1 1 0 0 0 1 2 0 0 1 2 1 2 1 2 1 1 0 1 0 1 1 0 1 3 0 1 0 1 3 1 2 0 2 1 
0 0 0 0 0 0 0 0 0 0 0 0 0 0 0 0 0 0 0 0 0 0 3 0 0 3 5 3 6 0 3 3 0 3 0 0 0 3 3 0 0 0 0 0 0 0 0 0 0 0 0 0 0 0 0 0 0 0 0 0 356 224 287 267 348 250 289 250 261 219 228 159 182 168 219 230 214 215 157 166 2 1 1 1 0 0 1 0 1 0 0 0 0 0 0 0 0 0 0 0 0 0 2 0 1 1 0 1 0 0 0 0 2 2 2 0 1 0 2 1 
0 0 0 0 0 0 0 0 0 0 0 0 0 0 0 0 0 0 0 0 3 0 0 3 2 0 0 3 2 0 0 0 0 0 5 0 0 0 3 0 0 0 0 0 0 0 0 0 0 0 0 0 0 0 0 0 0 0 0 0 441 272 269 243 242 238 228 233 229 244 222 186 234 156 200 162 185 226 234 157 0 0 1 0 1 0 0 0 0 0 0 0 1 0 1 0 1 2 1 1 0 1 1 0 0 0 2 3 1 0 1 0 0 3 1 3 2 0 0 1 
0 0 0 0 0 0 0 0 0 0 0 0 0 0 0 0 0 0 0 0 0 0 0 0 2 0 6 3 3 5 3 9 0 0 0 0 0 0 0 0 0 0 0 0 0 0 0 0 0 0 0 0 0 0 0 0 0 0 0 0 308 322 240 230 222 325 263 237 298 232 176 196 173 204 194 177 224 173 209 153 0 0 2 0 1 0 0 1 0 0 3 0 0 0 0 1 0 1 2 0 1 1 0 1 1 3 0 1 0 0 0 1 1 0 0 0 0 0 0 2 
0 0 0 0 0 0 0 0 0 0 0 0 0 0 0 0 0 0 0 0 0 0 0 0 3 3 0 3 0 0 3 0 0 0 0 0 3 6 3 3 0 0 0 0 0 0 0 0 0 0 0 0 0 0 0 0 0 0 0 0 403 318 294 320 267 226 284 234 259 207 224 184 177 208 195 220 190 171 209 161 1 1 3 0 1 0 0 1 0 1 0 3 0 0 1 2 0 2 2 2 1 0 0 1 1 1 1 0 0 0 0 2 0 0 1 1 0 0 2 0 
0 0 0 0 0 0 0 0 0 0 0 0 0 0 0 0 0 0 0 0 3 0 3 0 0 0 3 5 0 5 0 0 0 0 0 0 0 2 0 0 0 0 0 0 0 0 0 0 0 0 0 0 0 0 0 0 0 0 0 0 397 297 323 283 253 242 236 214 262 257 246 256 207 181 219 195 223 200 188 173 1 1 0 1 1 1 1 0 3 0 0 0 1 0 0 1 0 0 2 0 2 2 1 1 1 0 2 1 1 1 0 0 0 1 0 1 1 2 0 0 
0 0 0 0 0 0 0 0 0 0 0 0 0 0 0 0 0 0 0 0 0 6 0 3 9 6 0 0 0 3 0 0 3 0 6 0 6 3 0 3 0 0 0 0 0 0 0 0 0 0 0 0 0 0 0 0 0 0 0 0 406 333 288 347 324 224 221 260 209 262 288 195 230 221 198 231 217 191 200 223 0 1 2 1 1 1 0 0 1 2 0 2 0 1 0 0 0 0 2 2 1 0 0 1 1 0 1 1 1 2 0 0 0 2 2 0 1 0 1 0 
0 0 0 0 0 0 0 0 0 0 0 0 0 0 0 0 0 0 0 0 0 0 0 3 0 0 0 0 3 0 3 0 3 0 0 3 3 0 2 2 0 0 0 0 0 0 0 0 0 0 0 0 0 0 0 0 0 0 0 0 377 287 362 262 294 301 257 259 302 307 229 277 245 242 226 209 175 229 205 236 0 1 0 0 2 2 1 0 2 1 1 0 2 0 2 1 0 1 0 1 0 1 1 1 0 0 0 1 1 0 0 0 2 0 0 2 0 1 1 3 
0 0 0 0 0 0 0 0 0 0 0 0 0 0 0 0 0 0 0 0 3 0 10 0 0 3 3 3 0 3 5 0 3 0 0 0 3 0 3 0 0 0 0 0 0 0 0 0 0 0 0 0 0 0 0 0 0 0 0 0 343 339 267 304 297 352 307 274 277 343 271 264 248 350 279 298 175 208 217 192 1 1 0 0 1 1 1 2 0 0 0 0 0 0 1 4 1 2 0 2 0 0 1 0 0 0 1 0 1 0 2 0 1 0 0 0 0 1 0 0 
0 0 0 0 0 0 0 0 0 0 0 0 0 0 0 0 0 0 0 0 0 0 0 0 0 3 3 3 0 0 0 0 3 9 0 2 3 0 3 0 0 0 0 0 0 0 0 0 0 0 0 0 0 0 0 0 0 0 0 0 417 359 322 304 382 292 307 319 316 354 305 318 304 288 294 252 235 230 244 255 0 1 1 0 2 0 0 0 1 1 1 0 0 1 0 1 1 1 0 0 1 0 0 0 0 1 1 0 0 0 1 0 2 1 1 1 2 1 0 2 
0 0 0 0 0 0 0 0 0 0 0 0 0 0 0 0 0 0 0 0 0 3 0 3 5 0 0 2 3 6 3 3 3 0 3 6 3 5 6 3 0 0 0 0 0 0 0 0 0 0 0 0 0 0 0 0 0 0 0 0 377 331 429 428 470 436 447 413 478 495 485 433 491 452 491 475 437 414 435 280 0 2 1 1 0 0 3 1 1 1 0 0 0 0 0 1 0 0 2 0 1 0 2 2 0 1 0 1 0 2 1 0 0 0 1 0 0 3 1 1 
0 0 0 0 0 0 0 0 0 0 0 0 0 0 0 0 0 0 0 0 0 0 0 0 0 0 0 0 0 0 0 0 0 0 0 0 0 0 0 0 0 0 5 3 6 3 0 0 3 8 5 12 6 0 6 3 0 3 12 0 0 1 1 0 0 3 0 2 0 0 0 1 0 3 1 1 1 1 0 2 385 404 479 474 498 532 613 560 537 639 600 624 590 523 527 571 523 398 373 211 0 4 0 2 2 0 0 0 0 0 1 1 0 1 0 1 3 1 0 0 
0 0 0 0 0 0 0 0 0 0 0 0 0 0 0 0 0 0 0 0 0 0 0 0 0 0 0 0 0 0 0 0 0 0 0 0 0 0 0 0 3 0 6 0 0 3 3 0 3 0 0 0 3 6 5 6 0 0 5 3 1 1 0 0 0 2 0 1 1 1 1 0 2 0 0 1 1 0 0 1 372 288 390 374 353 336 355 378 347 284 382 326 329 388 337 275 257 245 219 158 0 0 2 0 1 1 0 0 2 1 0 1 0 1 0 1 0 1 2 0 
0 0 0 0 0 0 0 0 0 0 0 0 0 0 0 0 0 0 0 0 0 0 0 0 0 0 0 0 0 0 0 0 0 0 0 0 0 0 0 0 0 0 0 0 3 0 0 3 6 0 6 6 6 3 5 0 3 0 0 0 1 2 2 0 0 0 0 1 1 0 2 0 0 0 1 2 0 1 1 1 355 344 320 371 355 279 371 297 322 343 314 267 246 291 277 269 221 195 139 96 0 1 0 0 0 0 1 1 0 0 0 3 1 0 0 0 0 1 0 1 
0 0 0 0 0 0 0 0 0 0 0 0 0 0 0 0 0 0 0 0 0 0 0 0 0 0 0 0 0 0 0 0 0 0 0 0 0 0 0 0 3 0 6 0 3 0 0 0 3 0 0 0 0 6 3 2 3 0 0 2 2 1 0 0 3 0 1 0 1 0 0 0 1 0 3 1 0 0 0 2 346 301 314 315 348 312 247 274 314 299 265 293 265 304 296 263 230 235 154 120 2 0 1 1 1 1 0 0 0 0 0 2 1 0 1 0 1 0 1 1 
0 0 0 0 0 0 0 0 0 0 0 0 0 0 0 0 0 0 0 0 0 0 0 0 0 0 0 0 0 0 0 0 0 0 0 0 0 0 0 0 3 3 0 3 0 3 3 0 0 3 3 3 0 0 3 0 3 3 0 3 1 1 0 1 0 0 0 2 2 0 0 0 2 1 0 0 1 0 0 2 377 290 235 251 348 331 235 258 309 271 258 300 285 241 178 246 201 254 198 133 1 0 1 0 0 0 0 1 0 2 0 3 0 2 1 0 0 0 1 1 
0 0 0 0 0 0 0 0 0 0 0 0 0 0 0 0 0 0 0 0 0 0 0 0 0 0 0 0 0 0 0 0 0 0 0 0 0 0 0 0 0 0 0 0 3 3 0 3 0 3 3 0 5 0 0 3 0 3 3 3 1 1 0 0 1 0 1 2 2 1 1 0 0 1 1 0 1 0 1 1 377 408 272 305 352 245 321 277 234 267 290 268 323 253 229 215 242 176 227 172 1 2 1 1 0 0 1 0 0 2 1 1 0 1 0 0 2 0 1 1 
0 0 0 0 0 0 0 0 0 0 0 0 0 0 0 0 0 0 0 0 0 0 0 0 0 0 0 0 0 0 0 0 0 0 0 0 0 0 0 0 0 3 3 0 0 0 3 3 3 0 0 0 0 3 3 3 0 0 0 0 2 0 0 1 0 1 1 1 2 0 1 0 0 1 2 1 0 2 1 1 402 307 224 267 297 288 358 286 236 265 251 260 258 216 209 219 203 204 157 163 1 1 0 0 0 0 3 1 2 1 0 2 1 0 2 2 0 0 1 1 
0 0 0 0 0 0 0 0 0 0 0 0 0 0 0 0 0 0 0 0 0 0 0 0 0 0 0 0 0 0 0 0 0 0 0 0 0 0 0 0 9 3 3 0 6 0 9 3 3 0 3 3 3 0 0 6 3 6 0 0 0 0 1 0 2 1 2 0 2 1 2 2 0 0 0 1 1 1 2 0 400 240 232 288 250 239 251 222 258 294 204 276 231 191 218 147 210 166 157 121 0 1 0 0 0 2 2 2 3 0 0 0 1 0 0 0 1 0 1 1 
0 0 0 0 0 0 0 0 0 0 0 0 0 0 0 0 0 0 0 0 0 0 0 0 0 0 0 0 0 0 0 0 0 0 0 0 0 0 0 0 6 0 0 3 6 0 2 0 0 0 0 0 8 3 9 0 6 15 9 0 1 2 0 1 0 2 1 0 1 0 1 5 0 0 1 0 1 0 1 1 394 247 265 334 226 235 266 206 196 244 236 205 169 259 194 176 169 140 143 131 1 0 0 2 1 2 1 0 0 1 1 0 1 2 0 1 0 0 3 1 
0 0 0 0 0 0 0 0 0 0 0 0 0 0 0 0 0 0 0 0 0 0 0 0 0 0 0 0 0 0 0 0 0 0 0 0 0 0 0 0 0 0 0 3 0 0 3 3 9 6 0 3 3 0 3 3 0 3 0 0 0 0 1 0 0 0 0 2 0 0 0 2 1 1 2 0 1 0 0 1 340 246 253 281 257 267 315 255 232 298 237 248 212 220 189 173 169 109 129 141 1 1 0 1 1 0 0 0 3 3 0 0 2 0 1 0 0 1 1 0 
0 0 0 0 0 0 0 0 0 0 0 0 0 0 0 0 0 0 0 0 0 0 0 0 0 0 0 0 0 0 0 0 0 0 0 0 0 0 0 0 3 0 3 3 3 3 0 0 0 6 0 3 0 3 0 3 3 0 0 0 0 2 2 0 0 2 0 1 0 0 1 3 0 0 2 2 1 0 0 1 353 349 274 234 311 271 265 223 258 254 245 221 193 198 224 160 183 131 117 118 0 1 1 1 0 0 1 0 0 0 2 1 1 0 1 0 0 1 1 0 
0 0 0 0 0 0 0 0 0 0 0 0 0 0 0 0 0 0 0 0 0 0 0 0 0 0 0 0 0 0 0 0 0 0 0 0 0 0 0 0 0 0 0 0 3 3 0 0 3 3 3 5 0 0 3 0 0 0 0 0 2 0 2 1 0 1 0 1 1 2 0 0 0 0 2 0 2 2 2 2 319 323 280 273 261 251 290 240 225 241 257 248 204 176 137 192 179 142 131 109 1 0 0 0 0 0 0 1 1 0 1 0 1 1 1 0 0 0 0 0 
0 0 0 0 0 0 0 0 0 0 0 0 0 0 0 0 0 0 0 0 0 0 0 0 0 0 0 0 0 0 0 0 0 0 0 0 0 0 0 0 3 0 3 6 0 3 5 0 0 0 6 0 0 3 0 0 0 6 0 0 2 1 2 1 0 0 1 0 2 1 0 0 0 2 0 1 0 0 0 1 323 309 236 197 258 224 256 275 280 291 244 259 164 183 198 203 163 182 213 159 0 0 0 0 1 1 0 0 0 0 0 0 1 3 0 1 0 3 0 2 
0 0 0 0 0 0 0 0 0 0 0 0 0 0 0 0 0 0 0 0 0 0 0 0 0 0 0 0 0 0 0 0 0 0 0 0 0 0 0 0 0 0 0 0 0 0 2 0 0 0 0 9 0 0 0 0 3 0 3 3 0 0 1 1 0 0 1 0 0 0 1 0 0 0 0 1 1 1 0 3 310 266 278 220 199 197 225 210 232 221 229 200 236 210 183 201 171 153 167 123 1 1 0 1 2 0 1 1 0 0 0 1 1 1 1 1 1 2 0 2 
0 0 0 0 0 0 0 0 0 0 0 0 0 0 0 0 0 0 0 0 0 0 0 0 0 0 0 0 0 0 0 0 0 0 0 0 0 0 0 0 0 0 0 0 3 0 0 3 0 0 0 8 3 0 6 0 0 0 0 0 3 1 1 0 1 1 0 1 0 0 1 1 1 0 2 0 0 1 0 0 401 300 276 180 275 297 236 207 220 249 235 189 153 250 187 212 121 138 215 186 0 0 3 2 0 0 1 0 2 2 1 1 0 0 0 1 0 0 1 0 
0 0 0 0 0 0 0 0 0 0 0 0 0 0 0 0 0 0 0 0 0 0 0 0 0 0 0 0 0 0 0 0 0 0 0 0 0 0 0 0 9 3 0 0 0 0 0 6 0 0 3 3 3 0 0 0 0 3 0 3 0 0 0 1 0 0 1 1 2 0 1 2 1 1 1 0 1 0 1 2 423 243 254 262 221 215 277 280 207 257 205 174 175 161 180 169 90 232 168 138 1 0 1 0 0 1 1 1 0 1 1 0 0 0 0 0 2 2 2 1 
0 0 0 0 0 0 0 0 0 0 0 0 0 0 0 0 0 0 0 0 0 0 0 0 0 0 0 0 0 0 0 0 0 0 0 0 0 0 0 0 11 0 0 3 0 0 0 0 3 3 3 3 0 0 0 0 0 2 3 0 2 0 0 2 0 1 0 1 1 0 1 1 2 1 0 0 0 0 0 0 403 302 212 251 220 264 258 212 254 266 223 212 204 206 198 165 177 103 139 156 1 1 0 0 1 0 0 1 1 1 0 1 2 0 1 0 0 0 2 2 
0 0 0 0 0 0 0 0 0 0 0 0 0 0 0 0 0 0 0 0 0 0 0 0 0 0 0 0 0 0 0 0 0 0 0 0 0 0 0 0 0 0 0 0 0 6 0 6 0 0 3 0 0 3 3 3 0 0 3 3 1 1 0 0 3 0 1 0 0 1 1 0 1 0 0 0 0 1 1 0 328 240 234 282 266 232 243 171 219 241 286 220 217 143 235 235 173 156 175 132 1 1 0 2 0 1 1 0 1 2 0 0 0 1 2 0 1 1 1 1 
0 0 0 0 0 0 0 0 0 0 0 0 0 0 0 0 0 0 0 0 0 0 0 0 0 0 0 0 0 0 0 0 0 0 0 0 0 0 0 0 3 0 3 8 0 6 0 0 0 0 0 6 0 0 3 0 3 0 3 0 0 0 1 0 0 1 2 2 1 1 0 0 0 0 0 2 1 2 0 0 366 265 252 238 232 232 246 224 257 270 224 229 226 186 206 207 193 193 160 152 2 1 1 0 1 0 0 1 0 1 0 0 0 0 0 2 1 1 1 1 
0 0 0 0 0 0 0 0 0 0 0 0 0 0 0 0 0 0 0 0 0 0 0 0 0 0 0 0 0 0 0 0 0 0 0 0 0 0 0 0 6 3 3 8 3 5 6 3 8 0 3 0 0 3 2 6 5 3 0 0 3 1 0 2 0 1 2 1 0 1 0 1 0 2 1 0 1 2 2 0 318 294 301 358 382 341 373 317 415 358 341 454 378 315 349 321 355 334 247 162 2 0 0 2 1 0 0 1 2 0 0 0 0 0 1 1 0 1 1 0 
0 0 0 0 0 0 0 0 0 0 0 0 0 0 0 0 0 0 0 0 0 0 0 3 6 0 0 0 8 5 6 8 3 3 0 8 6 3 0 0 0 0 0 0 0 0 0 0 0 0 0 0 0 0 0 0 0 0 0 0 335 357 426 503 558 623 602 642 688 686 672 629 706 576 607 605 549 522 468 242 0 0 0 0 2 1 0 1 0 0 1 0 0 4 1 1 0 0 0 1 0 1 0 1 0 2 0 1 1 0 0 1 0 2 0 1 1 1 1 0 
0 0 0 0 0 0 0 0 0 0 0 0 0 0 0 0 0 0 0 0 0 0 0 0 3 6 0 0 0 0 3 0 0 0 3 0 2 3 6 3 0 0 0 0 0 0 0 0 0 0 0 0 0 0 0 0 0 0 0 0 360 295 332 324 382 333 328 424 414 373 376 399 372 357 339 290 286 348 203 166 1 2 0 0 0 0 1 0 2 0 0 0 1 1 0 2 0 2 0 2 1 0 3 1 0 2 1 0 3 0 0 1 0 2 2 0 0 0 0 0 
0 0 0 0 0 0 0 0 0 0 0 0 0 0 0 0 0 0 0 0 3 0 6 3 3 0 3 9 0 3 0 0 3 0 6 0 0 3 0 0 0 0 0 0 0 0 0 0 0 0 0 0 0 0 0 0 0 0 0 0 323 279 319 281 368 303 352 406 379 372 299 410 285 343 327 330 250 225 180 201 2 0 0 1 1 0 1 0 2 1 0 1 1 2 1 0 1 1 1 1 0 0 1 0 1 0 2 1 0 0 2 1 1 1 0 1 2 1 0 0 
0 0 0 0 0 0 0 0 0 0 0 0 0 0 0 0 0 0 0 0 0 0 2 0 0 3 3 0 3 3 9 3 0 0 0 3 0 3 0 0 0 0 0 0 0 0 0 0 0 0 0 0 0 0 0 0 0 0 0 0 304 232 280 343 332 371 345 356 339 339 293 324 350 394 242 240 211 186 151 125 0 1 0 0 1 0 1 1 2 0 0 0 1 0 3 3 1 0 2 1 0 0 1 1 0 0 3 0 0 0 0 1 1 0 0 0 1 0 1 1 
0 0 0 0 0 0 0 0 0 0 0 0 0 0 0 0 0 0 0 0 0 0 3 0 3 0 2 6 0 0 6 0 0 0 0 0 3 6 3 0 0 0 0 0 0 0 0 0 0 0 0 0 0 0 0 0 0 0 0 0 317 230 270 270 347 333 304 290 278 280 311 311 327 363 238 259 194 214 226 159 1 2 1 1 0 2 1 0 0 1 1 0 0 0 0 1 3 0 0 0 2 1 1 0 0 1 0 1 0 0 0 1 0 2 2 1 1 1 0 2 
0 0 0 0 0 0 0 0 0 0 0 0 0 0 0 0 0 0 0 0 3 0 6 0 3 0 0 0 0 5 0 3 3 3 3 0 0 0 0 0 0 0 0 0 0 0 0 0 0 0 0 0 0 0 0 0 0 0 0 0 292 280 232 306 303 328 306 266 259 351 340 277 275 215 261 213 146 215 147 110 0 1 0 2 1 2 0 1 0 0 2 0 0 2 0 0 2 0 0 1 2 0 1 0 0 2 1 0 2 0 0 0 0 0 1 0 1 1 1 0 
0 0 0 0 0 0 0 0 0 0 0 0 0 0 0 0 0 0 0 0 3 0 6 3 0 0 0 3 0 0 3 0 0 0 0 0 2 0 0 0 0 0 0 0 0 0 0 0 0 0 0 0 0 0 0 0 0 0 0 0 358 201 234 240 282 270 258 311 314 256 273 258 253 208 235 216 257 179 164 100 0 1 0 2 0 1 3 0 2 1 1 2 1 0 1 0 2 1 1 0 0 0 0 1 1 0 2 0 0 0 0 0 2 1 2 0 0 0 1 1 
0 0 0 0 0 0 0 0 0 0 0 0 0 0 0 0 0 0 0 0 0 3 0 0 0 0 0 0 0 0 3 2 3 0 0 3 0 0 0 0 0 0 0 0 0 0 0 0 0 0 0 0 0 0 0 0 0 0 0 0 318 222 208 227 283 224 295 287 279 273 196 241 208 183 201 262 206 133 177 121 2 1 0 0 2 0 0 1 0 0 2 1 0 0 0 3 0 1 2 1 0 0 1 0 0 3 0 1 1 1 0 0 1 2 0 0 0 0 0 1 
0 0 0 0 0 0 0 0 0 0 0 0 0 0 0 0 0 0 0 0 0 0 0 0 2 0 0 0 0 0 3 0 5 0 0 0 0 0 3 0 0 0 0 0 0 0 0 0 0 0 0 0 0 0 0 0 0 0 0 0 277 236 207 178 248 274 262 267 286 251 264 243 218 192 211 226 182 172 160 131 0 0 1 0 0 0 0 0 1 1 1 0 0 0 1 0 0 0 0 0 1 0 0 0 1 0 0 0 0 1 0 1 4 0 2 2 2 0 0 1 
0 0 0 0 0 0 0 0 0 0 0 0 0 0 0 0 0 0 0 0 0 0 0 3 0 0 0 3 3 0 0 0 0 3 3 6 0 0 0 3 0 0 0 0 0 0 0 0 0 0 0 0 0 0 0 0 0 0 0 0 249 260 227 211 236 263 257 250 240 269 247 218 236 217 240 200 197 173 118 144 1 0 0 1 0 0 1 1 2 1 1 2 0 1 1 2 1 0 0 0 0 1 0 1 1 0 0 0 4 0 0 1 0 1 0 0 2 1 0 0 
0 0 0 0 0 0 0 0 0 0 0 0 0 0 0 0 0 0 0 0 3 3 0 0 0 0 0 3 3 0 0 3 0 0 0 0 0 0 0 0 0 0 0 0 0 0 0 0 0 0 0 0 0 0 0 0 0 0 0 0 248 217 207 219 182 184 266 230 263 240 202 187 191 209 194 196 174 108 140 94 0 2 3 2 1 2 1 3 0 0 1 0 2 1 0 1 0 0 1 0 2 0 0 1 1 1 0 0 1 2 1 0 0 2 2 0 0 0 0 0 
0 0 0 0 0 0 0 0 0 0 0 0 0 0 0 0 0 0 0 0 0 0 3 0 3 9 0 0 3 0 3 3 3 0 0 0 0 0 0 0 0 0 0 0 0 0 0 0 0 0 0 0 0 0 0 0 0 0 0 0 263 164 189 187 177 268 228 183 187 209 204 132 214 168 163 229 150 157 115 107 1 0 0 1 0 1 3 0 1 0 0 0 0 0 0 1 1 1 0 3 0 0 0 0 0 0 0 0 1 0 0 1 1 1 0 1 2 1 1 1 
0 0 0 0 0 0 0 0 0 0 0 0 0 0 0 0 0 0 0 0 0 0 0 0 3 3 0 6 0 0 3 3 0 0 0 0 0 0 3 0 0 0 0 0 0 0 0 0 0 0 0 0 0 0 0 0 0 0 0 0 241 153 237 172 246 270 209 142 204 206 167 215 223 238 182 143 211 121 164 86 0 0 0 2 1 1 0 0 3 0 0 0 0 1 1 1 1 1 1 1 2 1 0 0 1 1 1 0 0 1 0 0 0 0 0 0 1 1 1 2 
0 0 0 0 0 0 0 0 0 0 0 0 0 0 0 0 0 0 0 0 0 0 3 0 0 3 0 0 3 0 3 0 0 6 3 0 3 0 3 0 0 0 0 0 0 0 0 0 0 0 0 0 0 0 0 0 0 0 0 0 213 157 178 232 231 242 187 156 257 185 227 202 187 156 226 100 155 172 121 119 0 1 1 0 1 1 0 0 1 0 1 1 0 1 1 0 0 1 0 0 2 0 0 1 0 0 0 0 1 2 0 0 1 1 0 0 1 1 1 0 
0 0 0 0 0 0 0 0 0 0 0 0 0 0 0 0 0 0 0 0 3 0 2 0 0 0 0 3 0 3 0 0 0 2 3 3 0 3 0 0 0 0 0 0 0 0 0 0 0 0 0 0 0 0 0 0 0 0 0 0 220 225 148 185 172 207 190 160 185 203 195 155 194 189 146 166 154 116 89 120 3 0 0 0 0 0 0 0 1 0 0 0 0 0 0 2 1 1 0 1 0 0 0 1 0 0 2 1 2 0 0 0 1 1 0 0 0 4 1 0 
0 0 0 0 0 0 0 0 0 0 0 0 0 0 0 0 0 0 0 0 0 0 0 0 0 0 0 3 5 3 0 3 0 0 0 0 0 3 0 0 0 0 0 0 0 0 0 0 0 0 0 0 0 0 0 0 0 0 0 0 236 194 147 152 185 181 158 195 159 172 237 218 151 163 197 168 108 133 110 89 1 1 0 1 1 0 0 0 0 0 1 1 1 0 1 1 1 0 1 2 0 2 1 0 1 0 1 1 1 0 1 3 1 0 0 0 1 1 0 1 
0 0 0 0 0 0 0 0 0 0 0 0 0 0 0 0 0 0 0 0 2 3 0 0 0 0 0 0 0 3 6 0 0 0 0 0 6 2 0 0 0 0 0 0 0 0 0 0 0 0 0 0 0 0 0 0 0 0 0 0 247 172 160 144 209 215 203 177 226 172 191 185 191 149 153 165 100 138 117 76 2 0 1 0 0 2 1 0 0 1 0 0 1 1 0 1 0 0 1 1 0 0 0 0 1 0 0 1 1 1 1 1 1 0 1 1 1 0 1 1 
0 0 0 0 0 0 0 0 0 0 0 0 0 0 0 0 0 0 0 0 0 0 0 0 3 3 0 3 0 0 0 0 0 0 0 0 0 0 0 0 0 0 0 0 0 0 0 0 0 0 0 0 0 0 0 0 0 0 0 0 270 178 218 171 161 195 168 210 193 215 160 223 144 155 163 143 125 126 108 49 1 1 2 1 1 1 2 1 0 3 1 3 0 1 0 1 2 0 0 0 2 1 0 1 0 0 0 0 0 0 0 0 3 1 1 0 0 2 0 0 
0 0 0 0 0 0 0 0 0 0 0 0 0 0 0 0 0 0 0 0 0 2 0 0 0 3 0 0 0 0 0 0 0 0 0 0 0 0 0 0 0 0 0 0 0 0 0 0 0 0 0 0 0 0 0 0 0 0 0 0 232 151 162 186 180 240 148 232 214 226 211 201 200 175 151 172 123 138 141 107 1 0 0 0 0 1 1 1 0 0 1 1 2 0 1 1 0 0 0 0 1 0 2 2 0 0 1 1 0 0 5 0 1 0 1 0 1 1 0 0 
0 0 0 0 0 0 0 0 0 0 0 0 0 0 0 0 0 0 0 0 3 0 0 3 0 0 3 0 0 0 0 0 3 3 0 0 3 6 3 0 0 0 0 0 0 0 0 0 0 0 0 0 0 0 0 0 0 0 0 0 224 241 274 294 306 299 296 316 291 343 332 279 265 330 296 286 229 295 268 173 0 2 0 0 1 2 1 1 0 1 0 0 0 0 0 1 0 3 1 0 2 0 2 0 0 0 0 0 0 0 1 1 0 0 2 1 2 1 1 2 
0 0 0 0 0 0 0 0 0 0 0 0 0 0 0 0 0 0 0 0 0 0 0 0 0 0 0 0 0 0 0 0 0 0 0 0 0 0 0 0 0 0 0 0 0 0 0 0 0 0 0 0 0 0 0 0 0 0 0 0 0 2 0 0 0 1 3 2 1 0 0 1 1 2 1 0 0 0 0 1 0 2 0 0 3 1 0 0 2 0 0 0 0 2 0 1 1 0 0 0 0 0 3 2 0 1 1 0 0 0 2 0 0 0 1 0 0 0 2 0 
0 0 0 0 0 0 0 0 0 0 0 0 0 0 0 0 0 0 0 0 0 0 0 0 0 0 0 0 0 0 0 0 0 0 0 0 0 0 0 0 0 0 0 0 0 0 0 0 0 0 0 0 0 0 0 0 0 0 0 0 0 2 3 0 0 0 3 0 0 1 1 1 1 1 0 1 0 1 1 1 2 0 0 2 1 2 1 1 1 2 0 0 1 0 1 1 0 0 1 0 1 0 1 1 0 2 0 1 0 0 1 0 1 1 0 0 0 1 1 0 
0 0 0 0 0 0 0 0 0 0 0 0 0 0 0 0 0 0 0 0 0 0 0 0 0 0 0 0 0 0 0 0 0 0 0 0 0 0 0 0 0 0 0 0 0 0 0 0 0 0 0 0 0 0 0 0 0 0 0 0 0 1 1 0 1 0 0 2 0 0 0 0 0 0 0 2 0 2 0 3 0 2 2 0 1 0 2 0 0 0 0 0 0 0 0 1 2 0 1 1 1 3 0 0 0 1 1 1 1 0 0 2 2 0 1 2 1 1 0 2 
0 0 0 0 0 0 0 0 0 0 0 0 0 0 0 0 0 0 0 0 0 0 0 0 0 0 0 0 0 0 0 0 0 0 0 0 0 0 0 0 0 0 0 0 0 0 0 0 0 0 0 0 0 0 0 0 0 0 0 0 1 1 0 2 0 0 2 2 0 0 0 4 1 1 0 1 0 2 1 0 0 1 0 0 0 1 0 0 0 1 2 1 2 1 1 0 2 1 0 0 0 1 1 1 1 1 3 0 1 3 0 1 2 2 1 1 0 1 0 1 
0 0 0 0 0 0 0 0 0 0 0 0 0 0 0 0 0 0 0 0 0 0 0 0 0 0 0 0 0 0 0 0 0 0 0 0 0 0 0 0 0 0 0 0 0 0 0 0 0 0 0 0 0 0 0 0 0 0 0 0 1 0 3 0 0 0 1 1 3 1 0 0 0 1 0 0 2 1 0 0 0 2 0 1 0 0 0 0 1 1 0 0 1 0 0 1 1 0 0 0 0 1 1 2 2 0 0 2 1 0 0 1 1 1 1 0 2 1 0 0 
0 0 0 0 0 0 0 0 0 0 0 0 0 0 0 0 0 0 0 0 0 0 0 0 0 0 0 0 0 0 0 0 0 0 0 0 0 0 0 0 0 0 0 0 0 0 0 0 0 0 0 0 0 0 0 0 0 0 0 0 0 4 1 0 0 1 0 1 2 0 3 0 1 1 1 1 0 3 2 1 0 1 1 3 0 1 1 0 0 0 1 0 0 0 0 1 0 0 0 0 2 0 1 0 2 0 1 1 2 1 0 1 0 2 1 1 0 0 0 1 
0 0 0 0 0 0 0 0 0 0 0 0 0 0 0 0 0 0 0 0 0 0 0 0 0 0 0 0 0 0 0 0 0 0 0 0 0 0 0 0 0 0 0 0 0 0 0 0 0 0 0 0 0 0 0 0 0 0 0 0 0 1 1 1 0 0 1 1 2 0 0 1 0 1 0 0 0 0 0 1 1 0 0 3 1 2 0 0 0 1 1 2 1 0 0 0 1 1 4 1 1 1 1 1 1 2 0 2 0 1 0 3 0 0 1 1 1 1 0 0 
0 0 0 0 0 0 0 0 0 0 0 0 0 0 0 0 0 0 0 0 0 0 0 0 0 0 0 0 0 0 0 0 0 0 0 0 0 0 0 0 0 0 0 0 0 0 0 0 0 0 0 0 0 0 0 0 0 0 0 0 0 0 0 0 1 0 2 1 2 0 0 1 1 1 2 0 1 1 0 0 2 0 0 0 0 1 2 0 1 0 1 0 1 0 2 2 0 0 0 0 1 1 0 0 2 2 0 1 0 2 1 1 1 0 1 1 0 0 2 1 
0 0 0 0 0 0 0 0 0 0 0 0 0 0 0 0 0 0 0 0 0 0 0 0 0 0 0 0 0 0 0 0 0 0 0 0 0 0 0 0 0 0 0 0 0 0 0 0 0 0 0 0 0 0 0 0 0 0 0 0 0 2 0 2 0 2 0 0 1 0 0 0 1 1 3 1 0 1 0 1 0 0 0 2 1 1 2 0 1 2 2 0 0 0 1 1 1 2 0 1 1 1 1 1 0 3 0 0 0 1 0 1 0 0 0 1 1 0 0 1 
0 0 0 0 0 0 0 0 0 0 0 0 0 0 0 0 0 0 0 0 0 0 0 0 0 0 0 0 0 0 0 0 0 0 0 0 0 0 0 0 0 0 0 0 0 0 0 0 0 0 0 0 0 0 0 0 0 0 0 0 0 0 1 1 1 0 0 0 1 0 1 0 0 1 0 0 0 2 0 0 1 0 1 1 1 0 0 0 0 0 1 0 1 1 0 1 2 0 2 0 2 1 1 2 1 1 1 2 1 1 1 1 1 1 1 0 0 0 0 0 
0 0 0 0 0 0 0 0 0 0 0 0 0 0 0 0 0 0 0 0 0 0 0 0 0 0 0 0 0 0 0 0 0 0 0 0 0 0 0 0 0 0 0 0 0 0 0 0 0 0 0 0 0 0 0 0 0 0 0 0 0 1 3 1 1 0 2 0 1 1 0 2 1 1 1 0 2 0 1 0 0 1 0 0 1 0 0 0 1 1 0 0 0 0 0 0 1 1 1 3 0 2 0 0 0 0 1 2 1 1 0 1 0 2 1 0 1 0 1 0 
0 0 0 0 0 0 0 0 0 0 0 0 0 0 0 0 0 0 0 0 0 0 0 0 0 0 0 0 0 0 0 0 0 0 0 0 0 0 0 0 0 0 0 0 0 0 0 0 0 0 0 0 0 0 0 0 0 0 0 0 0 0 0 0 2 0 0 0 1 2 1 1 0 0 0 1 0 1 0 1 0 0 3 0 1 0 0 0 0 1 1 0 0 1 0 0 0 2 1 1 0 1 0 2 0 2 0 1 0 1 1 0 1 0 2 0 0 1 0 1 
0 0 0 0 0 0 0 0 0 0 0 0 0 0 0 0 0 0 0 0 0 0 0 0 0 0 0 0 0 0 0 0 0 0 0 0 0 0 0 0 0 0 0 0 0 0 0 0 0 0 0 0 0 0 0 0 0 0 0 0 2 0 0 2 0 0 0 0 0 0 1 0 2 0 0 2 0 0 1 0 0 0 0 1 2 0 2 1 1 1 2 0 0 1 0 1 0 0 0 2 0 0 1 0 0 0 0 0 2 1 0 0 0 0 3 0 0 2 0 2 
0 0 0 0 0 0 0 0 0 0 0 0 0 0 0 0 0 0 0 0 0 0 0 0 0 0 0 0 0 0 0 0 0 0 0 0 0 0 0 0 0 0 0 0 0 0 0 0 0 0 0 0 0 0 0 0 0 0 0 0 1 2 2 0 1 1 0 1 0 1 0 0 1 0 0 0 0 0 1 0 0 1 1 0 0 2 1 1 1 0 3 0 0 0 2 1 3 0 1 1 0 2 1 1 0 0 0 0 0 0 1 0 1 1 0 0 1 2 1 0 
0 0 0 0 0 0 0 0 0 0 0 0 0 0 0 0 0 0 0 0 0 0 0 0 0 0 0 0 0 0 0 0 0 0 0 0 0 0 0 0 0 0 0 0 0 0 0 0 0 0 0 0 0 0 0 0 0 0 0 0 1 1 1 1 1 1 1 1 1 0 0 0 1 0 0 0 0 0 0 1 0 1 1 2 1 2 2 1 2 0 2 1 1 1 1 3 1 1 0 1 0 0 1 0 1 0 0 0 0 1 0 1 1 1 0 1 0 0 3 0 
0 0 0 0 0 0 0 0 0 0 0 0 0 0 0 0 0 0 0 0 0 0 0 0 0 0 0 0 0 0 0 0 0 0 0 0 0 0 0 0 0 0 0 0 0 0 0 0 0 0 0 0 0 0 0 0 0 0 0 0 0 1 1 0 0 0 0 0 1 0 0 0 1 1 1 1 1 0 3 0 0 2 0 1 1 1 0 0 0 0 1 2 0 0 1 1 1 0 0 1 0 1 2 2 0 2 0 1 0 0 0 0 3 0 0 0 0 2 1 1 
0 0 0 0 0 0 0 0 0 0 0 0 0 0 0 0 0 0 0 0 0 0 0 0 0 0 0 0 0 0 0 0 0 0 0 0 0 0 0 0 0 0 0 0 0 0 0 0 0 0 0 0 0 0 0 0 0 0 0 0 0 0 0 2 0 0 1 0 0 0 2 1 0 0 0 0 0 0 0 2 1 0 0 0 0 0 1 0 2 0 1 0 0 2 1 1 0 2 0 1 0 0 1 3 3 0 2 1 1 1 0 1 1 0 0 1 0 0 0 0 
0 0 0 0 0 0 0 0 0 0 0 0 0 0 0 0 0 0 0 0 0 0 0 0 0 0 0 0 0 0 0 0 0 0 0 0 0 0 0 0 0 0 0 0 0 0 0 0 0 0 0 0 0 0 0 0 0 0 0 0 0 1 1 1 0 2 0 1 1 0 0 0 2 1 0 2 0 1 2 1 0 0 0 1 0 0 1 0 3 0 1 1 1 0 1 1 0 0 0 0 1 2 0 1 0 0 0 1 0 3 1 1 0 1 0 0 0 0 1 2 
0 0 0 0 0 0 0 0 0 0 0 0 0 0 0 0 0 0 0 0 0 0 0 0 0 0 0 0 0 0 0 0 0 0 0 0 0 0 0 0 0 0 0 0 0 0 0 0 0 0 0 0 0 0 0 0 0 0 0 0 1 2 1 0 2 0 0 0 1 0 0 0 1 1 1 3 2 0 0 0 0 0 1 0 1 0 3 2 0 2 0 1 0 1 1 1 1 0 0 0 1 2 1 1 0 0 0 1 1 0 1 1 0 2 0 0 0 0 2 1 
0 0 0 0 0 0 0 0 0 0 0 0 0 0 0 0 0 0 0 0 0 0 0 0 0 0 0 0 0 0 0 0 0 0 0 0 0 0 0 0 0 0 0 0 0 0 0 0 0 0 0 0 0 0 0 0 0 0 0 0 1 1 1 0 1 0 0 1 0 0 2 1 1 0 0 0 1 0 2 0 1 1 0 0 0 1 1 0 0 0 0 3 0 1 0 0 1 0 0 2 2 0 1 1 0 1 2 1 1 1 0 1 2 0 2 2 0 1 0 1 
