3 0 0 0 0 3 0 0 0 6 6 5 3 6 0 6 0 6 6 0 3 0 0 0 6 3 454 533 432 434 480 454 452 434 477 434 401 437 426 385 426 477 321 348 387 304 297 316 231 248 217 16 
3 3 3 0 9 0 0 3 3 0 6 11 8 3 0 9 9 0 3 0 3 0 0 6 0 0 471 534 565 535 543 620 515 483 580 602 574 534 519 505 528 509 445 473 385 353 422 366 420 267 248 21 
0 3 0 3 6 3 3 0 0 3 0 8 3 0 3 11 0 3 0 0 3 0 6 3 2 0 607 651 638 607 625 634 628 603 697 586 614 451 572 536 588 549 596 546 385 407 481 448 410 341 242 22 
6 6 0 6 3 3 12 3 3 9 6 3 0 2 6 12 0 3 0 3 3 3 3 0 3 3 649 579 694 660 616 665 620 700 557 782 670 711 642 569 609 642 572 548 557 641 496 462 421 361 318 24 
2 0 0 3 3 6 9 0 6 6 12 3 6 6 0 11 9 10 9 13 12 9 12 3 0 3 762 803 572 671 700 671 782 773 738 793 727 769 732 627 684 663 591 562 566 466 457 520 479 478 297 43 
0 3 3 9 6 9 3 6 3 3 2 6 6 5 5 3 0 0 3 3 2 3 3 6 6 3 746 762 702 691 791 756 835 789 761 743 644 773 741 696 714 649 754 654 614 587 500 533 456 403 369 14 
3 3 3 3 12 0 3 2 14 0 6 6 3 12 3 9 3 0 3 6 3 9 0 5 5 0 693 857 900 903 714 659 777 719 706 856 846 830 737 788 756 787 678 641 622 671 558 592 396 352 349 29 
3 3 5 0 0 0 6 6 6 6 6 8 3 12 9 5 6 3 8 3 3 3 5 11 6 6 675 788 847 836 779 761 838 867 854 920 935 863 811 907 758 749 684 687 805 699 592 504 568 427 406 38 
5 6 0 6 3 3 6 9 3 0 9 14 9 12 11 8 5 9 11 6 0 0 5 15 11 0 859 803 821 931 872 972 824 891 828 865 1096 906 878 878 771 891 757 663 806 608 646 521 567 434 427 33 
3 3 8 9 0 0 3 3 3 3 7 6 3 6 0 6 0 5 3 9 3 8 14 0 3 9 929 823 924 795 1072 893 877 870 920 943 905 927 865 837 791 779 869 820 807 629 619 555 485 555 418 15 
3 3 9 3 0 12 6 9 3 0 0 6 6 0 0 9 0 0 5 3 10 3 0 6 3 3 912 893 906 900 910 916 979 898 875 891 929 905 737 904 784 921 827 727 702 621 626 589 569 501 396 27 
3 3 5 0 0 12 8 0 9 0 8 9 6 3 6 12 0 9 6 6 9 3 6 0 3 5 950 872 960 1016 956 898 990 936 919 901 937 943 987 950 912 921 909 760 773 774 636 532 588 546 444 29 
6 0 8 6 6 0 5 9 3 2 9 2 15 3 14 11 0 3 11 11 3 8 5 0 6 3 895 970 849 1023 906 947 1068 962 997 1017 1017 968 832 753 971 857 867 799 708 686 652 564 546 411 416 21 
3 4 0 0 3 2 10 0 12 3 2 3 6 3 0 9 8 8 9 6 6 17 3 3 6 3 988 934 1008 1060 948 1118 953 907 1014 1002 870 875 1024 867 876 731 853 762 716 713 680 553 486 472 456 49 
0 0 3 3 2 5 0 5 5 9 6 11 11 6 15 13 12 0 3 5 3 2 12 3 6 6 952 1087 999 979 1076 1053 1053 1018 1071 1058 1117 1016 1038 925 843 822 855 700 629 762 722 709 540 456 357 43 
0 3 6 6 4 5 15 8 0 6 3 6 3 6 3 0 3 6 3 6 12 6 12 0 6 12 971 932 980 925 996 1006 1035 985 987 887 1058 1086 961 918 971 821 801 739 732 741 614 636 556 530 414 53 
0 6 6 6 11 3 3 8 0 2 5 0 4 3 5 12 9 8 3 3 6 15 12 3 14 12 1191 1065 991 1080 947 1083 968 1083 1014 992 1113 1037 937 877 925 930 843 807 861 723 660 583 575 598 464 19 
6 0 3 6 3 3 0 3 5 9 3 11 2 12 3 5 3 0 3 3 7 6 6 0 6 3 1127 1084 960 1025 978 1081 1032 1035 905 926 937 1085 1045 1059 860 815 887 865 763 675 705 577 619 473 409 21 
3 3 0 12 0 0 8 6 8 5 3 3 11 5 5 8 15 12 12 15 11 6 9 9 15 3 990 978 975 945 1099 1092 1110 1050 1030 1037 994 1119 994 1014 972 881 990 831 739 618 691 767 638 521 376 20 
0 11 6 9 6 15 3 0 15 6 6 5 9 6 6 3 6 3 6 14 0 3 5 6 5 9 943 1132 1041 913 974 1071 1099 1009 995 1122 947 1053 1035 959 950 873 955 923 709 810 816 723 535 472 462 34 
0 0 9 5 0 6 9 15 8 0 0 11 3 3 0 13 5 11 9 6 3 3 12 0 3 3 1176 1063 1064 1104 1045 1129 1150 1009 1113 948 1075 1056 968 907 936 932 863 1004 844 812 786 662 627 482 530 28 
0 7 3 3 6 0 6 3 2 6 9 3 9 6 9 9 3 7 8 0 9 6 5 6 6 6 1187 1103 991 929 1069 1038 1126 1082 1051 944 1090 1162 961 1015 886 902 930 846 793 876 784 655 672 541 438 32 
0 3 9 9 6 3 6 9 0 3 12 5 0 0 9 0 11 6 9 21 3 9 6 9 3 9 1056 1063 1061 932 1085 1034 1082 1068 1021 1069 1022 1097 1059 1064 909 920 934 805 999 827 729 715 559 500 420 35 
2 3 3 0 0 6 12 6 3 0 5 3 12 6 0 9 9 5 3 6 3 6 3 14 6 9 1242 1147 1082 1053 1056 1029 1058 1012 993 1048 1052 1064 1051 955 907 925 998 839 853 748 748 596 676 564 498 40 
11 0 0 3 6 3 15 2 0 6 2 2 5 0 6 9 9 3 3 6 3 3 6 15 6 3 995 1149 1061 1190 1116 1161 970 1052 1011 1065 954 1148 1073 974 1078 962 1041 886 816 812 742 695 673 526 465 39 
3 0 0 9 6 9 8 9 9 3 5 0 6 3 6 0 5 8 0 14 9 3 0 6 11 6 1029 1165 1246 1186 1139 1033 1129 1098 1216 1078 1194 1030 1079 921 1022 914 947 863 894 753 673 613 555 538 367 30 
0 2 0 3 3 9 3 9 6 3 0 9 8 11 9 14 9 3 12 6 6 3 0 3 6 9 1149 1247 1102 1302 1143 1053 1136 1112 1024 1157 963 1070 1043 1016 1009 1021 834 729 800 824 788 714 600 508 484 20 
3 3 6 0 8 8 14 6 6 8 15 6 3 9 6 2 6 3 15 3 9 6 6 0 11 20 1186 1107 1162 1066 1206 1179 1192 1084 1180 1214 1109 858 900 937 1080 1064 892 827 851 775 803 644 571 453 473 35 
0 3 0 6 14 6 12 6 12 3 3 17 3 9 16 9 6 0 6 8 3 8 0 9 2 9 1089 1100 1238 1254 1100 1210 1127 1048 1098 1015 1150 1152 1018 924 789 1008 845 846 800 756 732 638 598 495 462 41 
0 0 5 3 0 0 6 6 0 6 12 6 3 6 2 9 6 15 6 6 0 18 11 8 0 11 1218 1122 1186 1070 1101 1134 1085 1093 1086 1123 1075 1026 965 961 878 934 1003 825 729 688 746 559 504 510 460 54 
0 3 0 0 6 12 9 18 6 6 3 0 9 6 6 3 3 12 6 12 0 11 6 5 12 12 1096 1253 1232 1051 1044 1148 1043 1074 1145 1167 999 1011 937 951 892 948 933 906 770 788 692 699 566 453 451 36 
0 0 9 5 3 6 0 3 3 5 6 3 3 0 8 0 9 3 3 6 13 9 6 12 0 14 1228 942 925 1074 1085 1005 1086 1222 999 990 1041 1077 1055 1022 1030 941 970 963 925 809 772 622 721 554 500 36 
2 3 0 0 0 3 0 6 0 6 15 3 9 12 15 8 6 6 0 15 9 12 6 2 3 9 1014 1064 1131 1074 1021 1079 985 1195 903 1017 962 961 1054 850 955 1038 889 792 811 769 706 740 623 570 518 31 
0 6 9 3 6 0 8 5 0 3 3 6 2 6 11 12 3 6 0 11 0 6 9 14 9 6 1130 1146 1280 964 1084 1144 1223 1112 944 1015 906 907 946 893 933 878 916 762 819 707 720 566 508 528 505 36 
0 0 3 3 0 6 5 12 24 5 3 15 9 0 3 6 0 9 11 0 5 6 14 2 8 6 1075 1145 1128 1055 1137 1082 1155 1035 1032 912 907 937 907 1020 936 842 820 724 731 848 728 594 679 637 462 45 
6 3 0 3 3 4 15 0 3 3 0 7 3 8 0 2 12 3 9 12 17 5 6 6 3 9 1028 1138 1106 1001 1298 1108 898 979 1064 973 990 986 861 905 1000 955 813 750 812 835 667 630 582 565 453 41 
6 3 0 0 6 6 6 6 3 3 12 3 0 6 0 6 12 6 12 2 9 6 6 3 15 9 983 968 1020 975 1123 1064 971 1100 998 1035 919 886 957 878 885 820 787 699 665 815 695 574 595 562 438 29 
0 9 6 3 0 3 3 3 12 3 5 3 6 3 9 3 9 5 6 14 7 15 3 17 6 6 1019 990 1132 1109 993 1024 998 984 1047 1044 838 926 908 877 905 843 848 702 737 802 736 657 633 640 479 24 
6 6 3 6 3 12 3 3 2 10 12 6 8 0 8 0 3 6 3 18 6 6 6 12 5 5 1010 950 942 962 965 920 1021 1017 1017 1022 1104 954 945 925 929 881 822 829 817 738 707 694 523 534 397 27 
6 2 3 3 3 0 0 0 6 3 12 9 5 3 3 6 6 11 6 3 6 6 0 6 5 8 913 961 871 1029 947 978 941 1012 916 1013 982 932 839 797 823 828 809 775 800 721 674 719 620 474 442 13 
0 3 3 0 0 3 3 5 9 3 5 2 8 0 9 6 12 6 8 0 0 12 9 3 3 0 891 867 942 940 835 935 1014 898 929 904 807 949 933 826 820 840 819 644 736 725 646 646 516 428 412 24 
3 3 6 5 6 6 3 9 3 0 2 3 15 9 0 3 11 12 15 11 0 3 6 5 6 12 889 912 962 1071 957 928 767 758 823 918 952 902 846 771 952 855 807 709 682 542 626 609 497 449 362 19 
0 8 8 0 9 2 6 11 3 6 3 0 12 0 5 9 3 9 3 9 6 14 2 10 0 6 898 816 936 1001 970 799 772 784 788 907 865 771 722 729 711 788 678 692 618 551 607 489 459 345 368 22 
3 0 6 6 6 3 2 9 5 0 3 6 9 3 0 3 2 0 6 3 6 6 5 6 3 6 872 863 763 842 837 786 915 816 762 873 875 824 769 740 757 697 800 671 601 682 580 514 391 432 314 44 
0 3 3 3 15 0 6 3 3 2 6 6 9 9 3 3 6 6 3 9 0 0 3 9 6 3 866 819 732 785 842 715 736 791 790 647 676 797 793 670 731 679 640 663 672 593 647 505 481 466 379 25 
0 0 3 0 9 0 2 0 0 6 17 6 6 9 9 6 6 0 3 0 9 6 12 6 0 6 659 682 784 665 692 766 706 734 784 682 775 736 798 839 695 729 684 600 559 670 715 626 494 330 358 21 
0 0 9 6 6 11 0 9 0 3 3 0 9 0 6 3 3 3 3 6 0 12 15 8 6 5 746 800 765 703 662 673 760 720 637 673 728 607 746 709 703 600 565 587 571 465 584 522 495 385 331 13 
0 0 0 0 0 0 6 6 0 3 5 9 0 6 3 2 3 3 3 0 6 5 0 3 6 3 593 739 746 717 765 621 660 611 597 613 586 630 589 569 509 554 511 532 520 516 492 467 462 342 288 23 
0 3 3 0 0 3 3 6 3 0 6 0 3 6 6 9 0 6 6 6 2 2 0 6 6 6 558 532 568 579 572 482 553 542 658 534 574 563 510 665 577 510 528 528 457 315 487 349 341 294 323 11 
0 3 3 3 3 6 2 3 0 8 3 3 0 3 3 0 3 0 6 0 0 0 6 13 6 3 549 493 543 539 501 515 507 484 518 512 544 623 627 554 486 447 479 457 527 481 377 384 426 181 210 18 
3 3 0 3 3 3 3 0 0 0 0 3 3 3 0 2 0 2 0 2 3 3 0 0 0 0 427 420 349 381 409 516 459 401 448 506 507 476 422 468 432 417 378 338 326 385 295 318 286 233 250 9 
0 0 0 3 0 0 0 3 0 0 0 0 0 0 0 0 3 0 0 0 0 0 0 0 0 0 33 26 32 26 27 19 23 24 40 22 36 33 33 17 36 31 32 12 24 27 26 21 9 24 14 0 
