                                                                          cycle k Ent path abs col 
 0 1.0359 7.31259 1.13782 1.00165 1.02207
 1 1.0548 7.30078 0.754255 0.995371 0.976591
 2 1.0483 7.3219 1.23353 1.01142 1.00041
 3 1.0596 7.29592 1.1839 0.980943 0.999329
 4 1.035 7.30595 0.999926 1.01696 1.02569
 5 1.066 7.29341 0.796753 0.985717 0.975245
 6 1.0416 7.32594 1.25467 0.995873 1.01681
 7 1.0464 7.28831 1.09652 1.01472 1.00253
 8 1.0459 7.2939 0.837413 0.99938 0.993963
 9 1.0395 7.29513 0.90886 0.991536 0.995256
 10 1.0483 7.29723 1.08171 1.00615 1.00547
 11 1.0429 7.29854 1.29984 0.99661 0.996754
 12 1.0479 7.29788 0.730498 1.0095 0.994543
 13 1.0674 7.29592 1.11952 0.997101 1.02681
 14 1.0521 7.29941 0.865777 0.980195 0.960455
 15 1.0349 7.3009 1.05104 1.01319 1.02256
 16 1.0468 7.2828 0.927387 0.993858 0.993126
 17 1.0217 7.30017 1.16216 1.00178 0.988531
 18 1.0517 7.2954 0.969271 1.00808 1.01408
 19 1.0439 7.29858 1.06429 0.999351 1.00261
 20 1.0462 7.27796 0.851641 1.00418 0.996187
 21 1.0578 7.28987 0.988058 0.997419 0.987213
 22 1.0383 7.30968 1.2182 0.998835 1.02979
 23 1.0553 7.27417 0.856114 0.993741 0.990882
 24 1.0306 7.299 0.853545 1.00509 0.984331
 25 1.0467 7.30756 1.14589 0.991243 1.01159
 26 1.0456 7.31286 1.05191 0.999015 1.00809
 27 1.0274 7.30186 0.948137 1.00938 0.975873
 28 1.0356 7.28974 1.04072 0.982499 1.04793
 29 1.0347 7.2807 1.27661 1.02159 0.957736
 30 1.05 7.31542 0.777736 1.00643 1.01117
 31 1.0555 7.30356 1.12675 1.00542 1.002
 32 1.08 7.31632 1.05673 0.987644 1.00851
 33 1.0523 7.32305 0.751495 0.999562 0.982659
 34 1.051 7.30622 1.05678 0.988965 1.0174
 35 1.0378 7.31746 1.08968 1.01872 1.00055
 36 1.0545 7.30452 0.947144 0.969855 0.984207
 37 1.0156 7.29988 1.07138 1.0234 1.01203
 38 1.0523 7.28293 0.963495 1.00608 0.996935
 39 1.0618 7.31534 0.840824 0.991139 0.986721
 40 1.0526 7.32127 1.11395 1.00264 1.00515
 41 1.0482 7.28373 1.19797 1.01409 1.006
 42 1.0539 7.30145 0.823686 0.989041 0.983734
 43 1.0402 7.30581 0.997455 1.00751 1.01958
 44 1.0517 7.29528 1.07031 0.983242 1.00042
 45 1.0418 7.29663 0.782026 0.995453 0.996134
 46 1.0204 7.30374 1.79795 1.01025 0.996716
 47 1.0372 7.30071 0.715566 1.00891 1.01199
 48 1.0624 7.30627 1.14706 0.991551 1.00301
 49 1.0516 7.31199 0.840277 1.00454 0.987863
 50 1.0542 7.29623 1.13014 0.991663 1.00899
 51 1.0396 7.29855 0.857053 1.00114 0.983408
 52 1.0547 7.27906 0.887016 1.016 1.02418
 53 1.0609 7.32401 1.30024 0.986627 0.995103
 54 1.0422 7.31445 1.04269 0.987065 0.995953
 55 1.0359 7.30112 0.938696 1.01379 0.99095
 56 1.0549 7.29132 1.20492 1.00603 1.02276
 57 1.0507 7.30992 0.763348 1.00301 0.96847
 58 1.0622 7.32301 1.09918 1.00047 1.00634
 59 1.052 7.30574 1.05148 0.996942 1.00126
 60 1.0455 7.31421 0.920008 0.975169 0.994729
 61 1.0297 7.31405 1.41351 1.01555 1.01745
 62 1.053 7.28768 0.749621 0.998251 1.0021
 63 1.0448 7.28708 0.977328 0.988918 0.998245
 64 1.0337 7.29469 0.965559 1.00052 0.996373
 65 1.0366 7.29458 0.882741 1.00189 1.00606
 66 1.0411 7.28111 1.18741 0.990547 0.991809
 67 1.0231 7.30126 0.911056 1.03006 0.995937
 68 1.0547 7.28956 1.00101 0.982177 1.00323
 69 1.0432 7.29122 0.998404 1.02136 1.00852
 70 1.064 7.29933 1.01301 0.966479 0.967888
 71 1.0063 7.31773 0.929725 1.00969 1.02572
 72 1.0386 7.28047 1.24069 1.01551 0.990892
 73 1.0331 7.29616 0.811516 1.00648 1.01991
 74 1.0543 7.29427 1.06584 0.989306 0.994428
 75 1.0405 7.32765 1.23382 1.01874 1.00646
 76 1.0647 7.30111 0.864251 0.973673 0.995812
 77 1.0285 7.31461 1.23867 1.00447 0.994757
 78 1.0394 7.29307 0.782225 0.9981 0.989507
 79 1.0272 7.29696 1.02568 1.00107 0.99803
 80 1.0455 7.29123 0.969303 0.997993 1.0026
 81 1.0348 7.29039 1.02715 1.01173 1.01195
 82 1.0553 7.29986 0.899288 0.995618 1.0076
 83 1.0337 7.29953 1.05665 1.00898 0.988657
 84 1.0611 7.29336 0.885439 0.969727 0.981238
 85 1.0331 7.30554 1.04112 1.0146 1.02725
 86 1.0318 7.30702 1.26596 1.00883 0.994817
 87 1.0545 7.28755 0.894581 0.988299 0.986311
 88 1.0341 7.31348 0.934882 1.00286 1.00423
 89 1.0351 7.30402 1.10647 0.999054 1.00478
 90 1.0428 7.29605 0.922907 1.01907 0.978551
 91 1.0552 7.30167 1.00123 0.979281 1.03072
 92 1.0285 7.32591 1.07537 1.00189 0.977669
 93 1.0425 7.28233 0.837749 1.00694 1.00531
 94 1.0456 7.31056 1.19148 1.00716 1.01097
 95 1.0501 7.29383 0.990355 0.992884 1.00158
 96 1.0396 7.31194 1.05113 1.01409 0.999163
 97 1.0543 7.30645 0.855434 1.00528 1.00507
 98 1.0716 7.31022 0.87089 0.978064 0.977391
 99 1.0339 7.30379 1.25488 1.00225 1.02821
