                                                                          cycle k Ent path abs col 
 0 1.3106 7.4926 1.28788 0.984464 0.994375
 1 1.2831 7.48372 0.93966 1.01592 1.00513
 2 1.2988 7.47366 0.800158 0.998914 0.974013
 3 1.2901 7.47865 1.33094 1.01525 1.02365
 4 1.3143 7.48281 0.917358 0.986553 0.992177
 5 1.2863 7.50123 1.10239 0.997954 1.01753
 6 1.3002 7.50819 0.810835 1.01851 0.995515
 7 1.3217 7.48865 1.37108 0.97903 1.02491
 8 1.2948 7.49865 0.874193 0.995306 0.964519
 9 1.2755 7.49104 0.913312 1.00684 0.98961
 10 1.2959 7.49364 1.17468 1.00789 1.02871
 11 1.298 7.49768 0.711704 0.994244 0.982416
 12 1.2949 7.48457 1.08058 1.00738 1.01515
 13 1.3228 7.49632 0.951664 1.01546 1.01772
 14 1.3462 7.5083 1.30885 0.972293 0.963584
 15 1.2892 7.49684 0.903868 1.00651 1.00691
 16 1.3025 7.48215 1.01878 0.994303 1.00073
 17 1.2882 7.47934 1.01804 1.01307 0.993903
 18 1.3042 7.4925 0.949563 1.00372 1.0061
 19 1.3148 7.4788 0.992017 0.998257 1.00532
 20 1.3112 7.49289 0.98592 0.994476 0.981251
 21 1.298 7.49453 1.24504 1.00092 1.02426
 22 1.3108 7.49001 0.973521 1.01605 1.01786
 23 1.3339 7.51537 0.899778 0.982018 0.975119
 24 1.3112 7.4901 0.798148 1.00798 0.993574
 25 1.3039 7.49273 1.11998 1.01915 1.0258
 26 1.3408 7.48616 1.05797 0.971986 0.975825
 27 1.3121 7.4907 1.12321 1.00822 1.00362
 28 1.3199 7.49463 1.05108 0.992389 1.00519
 29 1.3073 7.48941 0.801391 0.997779 0.990389
 30 1.3016 7.48877 1.07545 1.00284 1.01748
 31 1.3075 7.48822 1.03809 0.997067 0.992093
 32 1.2958 7.49487 0.932672 1.00993 1.0012
 33 1.313 7.49066 0.882425 0.996175 1.01577
 34 1.3123 7.51248 1.18014 0.993349 0.970991
 35 1.2939 7.48317 1.00598 1.01114 1.02787
 36 1.3325 7.48224 0.91423 0.993009 0.99132
 37 1.3179 7.49309 1.05997 0.990755 0.999151
 38 1.2991 7.50164 0.876625 1.01151 0.990873
 39 1.3078 7.48492 1.06688 0.991719 0.993276
 40 1.3007 7.48986 1.01781 1.01266 0.999457
 41 1.3106 7.47999 1.23834 1.00008 0.989023
 42 1.3033 7.48529 0.913304 1.00505 1.01404
 43 1.3305 7.49515 1.00378 0.991868 1.01443
 44 1.3159 7.50615 0.976014 0.991559 0.986872
 45 1.2991 7.49558 1.00908 0.999968 1.01064
 46 1.29 7.48329 0.889311 1.016 0.973594
 47 1.3171 7.48482 1.06572 1.00791 1.02082
 48 1.3289 7.49397 0.971817 0.977824 0.992207
 49 1.3066 7.49522 0.86939 0.997313 1.02878
 50 1.3017 7.50602 1.39153 1.01295 0.985286
 51 1.3038 7.47732 0.720565 0.985011 0.994522
 52 1.2836 7.48991 1.43786 0.996176 0.987717
 53 1.2914 7.48766 0.70371 1.01796 1.03506
 54 1.2999 7.49482 1.2407 0.979496 0.993555
 55 1.278 7.48419 1.01765 1.01813 0.994677
 56 1.3188 7.48442 0.9417 0.992891 0.994847
 57 1.2998 7.48545 0.978736 1.00391 0.975763
 58 1.3132 7.48845 1.00121 1.01037 1.02842
 59 1.3265 7.48475 1.01577 1.00261 1.00299
 60 1.3045 7.48666 1.03263 0.978229 0.987802
 61 1.2812 7.49432 1.10458 1.02138 0.994673
 62 1.3246 7.47324 0.93597 0.994846 1.00152
 63 1.3109 7.50112 0.796907 0.991627 1.00127
 64 1.3033 7.49565 1.09953 1.0021 1.009
 65 1.2981 7.49338 0.925487 0.988233 1.00603
 66 1.3012 7.48435 1.34754 1.00951 1.00273
 67 1.3142 7.48957 1.00143 0.996944 1.00029
 68 1.3067 7.49786 0.883088 0.986236 0.987605
 69 1.2794 7.48146 1.0028 1.04443 1.00054
 70 1.3404 7.487 0.917678 0.991287 0.995071
 71 1.3403 7.49581 1.02902 0.974416 1.00854
 72 1.2997 7.50004 0.886008 1.02067 0.99304
 73 1.3238 7.49527 1.11775 1.00685 1.00313
 74 1.3297 7.51257 1.14979 0.987897 1.00378
 75 1.318 7.49649 0.867613 1.0117 0.99511
 76 1.3356 7.48995 1.11837 0.990006 1.00475
 77 1.3218 7.49317 0.944441 0.99487 1.00356
 78 1.3068 7.49074 0.921761 1.00692 0.997064
 79 1.3224 7.50072 1.02431 0.997599 0.983626
 80 1.3138 7.49598 0.992168 0.993427 1.01032
 81 1.2961 7.50339 1.14288 0.990304 1.02128
 82 1.2887 7.48852 0.864348 1.00531 0.992418
 83 1.2961 7.4841 1.1197 1.00553 0.976373
 84 1.3108 7.4843 1.00282 1.0088 1.01268
 85 1.3167 7.48901 0.894157 0.98891 0.994856
 86 1.2975 7.49024 0.998053 0.995087 1.02204
 87 1.3021 7.47661 1.42054 1.01827 0.98565
 88 1.3175 7.48722 0.795446 0.991197 0.999325
 89 1.3226 7.50461 0.951517 1.01181 1.01688
 90 1.3282 7.50078 1.05515 0.9933 1.00041
 91 1.3144 7.48936 1.02479 0.998371 0.981507
 92 1.3093 7.49806 0.995693 1.00677 1.00057
 93 1.3128 7.4806 0.983125 0.979968 0.979443
 94 1.2965 7.49083 0.942666 0.996577 1.01185
 95 1.2946 7.49277 1.07008 1.01227 1.03276
 96 1.3025 7.481 0.742514 0.994429 0.961443
 97 1.303 7.49368 1.31861 0.994434 1.00082
 98 1.2818 7.47426 1.05197 1.02336 1.02052
 99 1.3186 7.48241 0.896459 0.975007 0.994326
